CONSUMPTION DATASET
================================================================================
None

        Vehicle_ID    Speed_kmh  Acceleration_ms2  Battery_State_%  Battery_Voltage_V  Battery_Temperature_C  Driving_Mode    Road_Type  Traffic_Condition      Slope_%  Weather_Condition  Temperature_C   Humidity_%  Wind_Speed_ms  Tire_Pressure_psi  Vehicle_Weight_kg  Distance_Travelled_km  Energy_Consumption_kWh
count  5000.000000  5000.000000       5000.000000      5000.000000        5000.000000            5000.000000   5000.000000  5000.000000        5000.000000  5000.000000         5000.00000    5000.000000  5000.000000    5000.000000        5000.000000        5000.000000            5000.000000             5000.000000
mean   1505.701200    59.312952         -0.019885        60.214465         351.118306              27.510130      2.011000     1.999200           2.010800     2.504690            2.48340      17.312654    55.302173       7.505087          31.503390        1854.719760              24.994042                8.437983
std     290.836902    34.517605          1.724287        23.128262          28.968372              10.015385      0.810068     0.808536           0.812167     4.360854            1.11372      13.005106    20.161289       4.325455           2.017357         373.685150              14.246454                2.184809
min    1000.000000     0.001396         -2.999683        20.020196         300.004812              10.003858      1.000000     1.000000           1.000000    -4.991079            1.00000      -4.995288    20.027119       0.000126          28.001891        1200.960317               0.107544                1.881426
25%    1253.000000    29.515400         -1.490240        40.088318         326.613439              18.884742      1.000000     1.000000           1.000000    -1.235653            1.00000       5.950476    37.970900       3.837738          29.772709        1531.417633              12.736568                6.771081
50%    1510.000000    58.646794         -0.043329        60.490283         351.510915              27.581710      2.000000     2.000000           2.000000     2.452368            2.00000      17.330798    55.650512       7.495373          31.484048        1865.006523              24.640458                8.455746
75%    1761.000000    89.030001          1.473887        80.409928         375.968140              35.920162      3.000000     3.000000           3.000000     6.366990            3.00000      28.624021    72.650838      11.291284          33.256528        2181.071491              37.562482               10.031938
max    1999.000000   119.946924          2.998039        99.993986         399.990098              44.985943      3.000000     3.000000           3.000000     9.998358            4.00000      39.998063    89.988891      14.999095          34.997829        2499.504564              49.993767               14.660528


STATIONS DATASET
================================================================================
None

         Latitude   Longitude  Power (kW)
count  855.000000  855.000000  853.000000
mean    10.503103   76.533179   30.569871
std      2.054603    1.129636   19.908080
min      8.306584   74.202737    3.200000
25%      9.551795   76.183041   22.000000
50%     10.197144   76.388294   30.000000
75%     11.058305   76.743625   30.000000
max     28.706612   88.456284  150.000000